[CRW_2090.jpg]
moddate=07076a975e38d701
width=1500
height=1000
text=1;150;29;Crédit photo Nicolas Georges;Arial;0.768357,0.943199,0.022222,0.007496;v1,4294967295,4278190080,128.000000,1.000000,0.130841,1.000000,700,2,49160;;
textactive=1
[IMG_20200719_110538-2.jpg]
moddate=14d43db85e38d701
width=1500
height=930
text=1;150;29;Crédit photo Nicolas Georges;Arial;0.787013,0.942502,0.022222,0.000000;v1,4294967295,4278190080,128.000000,1.000000,0.130841,1.000000,700,2,49160;;
textactive=1
[P6171496.jpg]
moddate=6e2cbacd5e38d701
width=1500
height=903
text=1;149;28;Crédit photo Nicolas George;Arial;0.801182,0.944551,0.022222,0.000000;v1,4294967295,4278190080,128.000000,1.000000,0.130841,1.000000,700,2,49160;;
textactive=1
[P6224786.jpg]
moddate=022eb9e15e38d701
width=750
height=1000
text=1;149;28;Crédit photo Nicolas George;Arial;0.568437,0.952355,0.022222,0.000000;v1,4294967295,4278190080,128.000000,1.000000,0.130841,1.000000,700,2,49160;;
textactive=1
